Números aleatorios:
48
93
74

Raíz cuadrada de los números:
6.93
9.64
8.60
Números aleatorios:
74
2
56
89

Raíz cuadrada de los números:
6.93
9.64
8.60
2.63
3.10
2.93
8.60
1.41
7.48
9.43
Números aleatorios:
66
81
1
80
46
81
39
7
94
96
2
95
43
74
97
28
37
62
87
32
61
36
42
95
75

Raíz cuadrada de los números:
6.93
9.64
8.60
2.63
3.10
2.93
8.60
1.41
7.48
9.43
2.63
3.10
2.93
1.62
1.76
1.71
2.93
1.19
2.73
3.07
8.12
9.00
1.00
8.94
6.78
9.00
6.24
2.65
9.70
9.80
1.41
9.75
6.56
8.60
9.85
5.29
6.08
7.87
9.33
5.66
7.81
6.00
6.48
9.75
8.66
